date,reported_cases,fever_reports,hospital_visits,temperature,humidity,population_mobility
2022-01-01,18,29,36,20.417086060859376,70.75642666369625,26.32127910175271
2022-01-02,10,30,46,20.122831671365365,75.48561500598039,16.691857079308306
2022-01-03,16,22,56,17.738654462667736,82.92171590162276,14.351303636488291
2022-01-04,19,28,57,20.433294941104503,72.23458337023192,11.678242163500187
2022-01-05,11,34,49,20.601057812343445,79.34926916251455,28.325136838359544
2022-01-06,13,28,44,20.79423028605256,64.75064023558969,24.092402274943773
2022-01-07,14,31,52,21.641803831455874,86.14888063330719,23.581985046260638
2022-01-08,16,35,42,22.03014129533045,97.4315997292399,31.927432037159313
2022-01-09,12,31,51,20.76229604437698,107.6380622430663,17.406433301974143
2022-01-10,14,33,49,26.132776511878014,80.55236143657532,12.040377645628315
2022-01-11,11,22,52,19.060955275113116,87.4386446106537,19.713780732020687
2022-01-12,16,25,51,20.66049032223897,61.65751144696513,33.95547404610689
2022-01-13,16,15,50,31.416458370699957,94.38954566206334,19.843152077492036
2022-01-14,13,37,44,20.214848630094792,87.0142210149569,27.629157468667913
2022-01-15,17,42,46,19.518827465959976,74.29366710697617,12.190809981961497
2022-01-16,10,29,50,26.03372966174646,91.37724241104841,15.074971660725538
2022-01-17,12,30,45,17.84801280168996,76.32451155717104,25.809494050118452
2022-01-18,13,26,59,23.621414763291817,74.14430382050561,20.482460053157354
2022-01-19,15,38,39,31.0112931450738,83.32467652618683,18.755276072666376
2022-01-20,9,35,57,20.184237158925264,67.77608759397907,27.504358708388082
2022-01-21,6,30,40,19.11695003669556,88.4557671693849,25.69715243209286
2022-01-22,14,31,58,20.80759822677248,67.50114036012602,20.658984282072502
2022-01-23,19,27,53,28.24094684840105,67.37369444386337,8.077322956466826
2022-01-24,12,25,51,29.159281253611546,68.58228858113128,19.447053993797187
2022-01-25,10,30,53,24.484553447154067,85.07092902317984,22.240298349309107
2022-01-26,18,27,49,28.307541251187956,71.09677550498802,10.479641747091549
2022-01-27,17,35,51,30.662399870792434,63.565092680284835,21.999123175374326
2022-01-28,18,31,54,32.085479369395635,70.76075789621974,27.912745771619182
2022-01-29,13,29,42,26.21424822000322,76.26169493921927,19.43533135592778
2022-01-30,20,23,51,20.276592448726866,64.52907770438279,13.822741040042711
2022-01-31,13,30,40,24.943996485170597,64.5708705900549,8.42516973915658
2022-02-01,13,27,59,26.349651572975795,96.94179381766568,22.1392143597775
2022-02-02,18,25,53,27.074417720748084,66.95667159490041,10.911583916858762
2022-02-03,21,25,40,27.506499370048335,72.05782243291343,23.519543921822716
2022-02-04,10,29,45,31.643213491306305,71.33430314716425,33.39522135747724
2022-02-05,18,27,45,32.32381162442951,70.50412209502221,8.840566631147205
2022-02-06,18,36,65,28.196983140032664,80.63485020493756,15.301175001270499
2022-02-07,15,28,58,32.21635493256691,83.59926835970514,18.060389613212514
2022-02-08,13,34,40,30.20013715162016,70.7476039532485,34.04222076773399
2022-02-09,21,31,45,29.52421914520073,61.124620244388396,20.190483950746902
2022-02-10,14,20,45,32.251116984682554,85.90909981346397,16.74544496361282
2022-02-11,12,33,63,29.94619956023847,71.87971684785641,26.61058599218973
2022-02-12,12,35,54,36.09795280492746,89.79801018470874,17.041440742010497
2022-02-13,22,42,75,25.801420782110505,49.69393164444157,14.970879748086274
2022-02-14,19,26,57,28.76027881107895,73.75225795589017,23.40299828981228
2022-02-15,21,26,53,30.112318214912854,90.62626492005091,27.30643214367906
2022-02-16,13,34,61,31.993207405600593,67.54318287069313,7.552304051369271
2022-02-17,12,30,32,34.658542035747956,68.4502674139428,14.936126142244323
2022-02-18,14,28,58,30.95805964275131,73.28356058730405,20.725519846853757
2022-02-19,10,36,49,26.93789236692971,64.35770375007903,18.314477965828424
2022-02-20,23,34,48,33.90212881654345,66.43625055583405,19.2588267290614
2022-02-21,15,39,63,33.80609870168496,65.78433171963178,13.867136842559221
2022-02-22,25,26,46,25.878861787923412,62.488109845293664,23.97574545170531
2022-02-23,15,24,47,31.852772450339263,80.64515754006733,30.954644393287357
2022-02-24,12,37,47,27.249990830579257,72.55620775514184,14.825144781640024
2022-02-25,16,34,53,30.17913259260423,70.03522752988408,23.969351489589105
2022-02-26,7,42,45,29.61372151864781,75.19297884965476,26.409857298569438
2022-02-27,21,28,40,34.89535349021307,64.03696476767666,20.676650832436614
2022-02-28,10,35,49,32.95976660703373,58.50679643615044,23.641389273495086
2022-03-01,17,28,37,28.89048337064483,59.78608821312559,15.381976760217789
2022-03-02,12,36,57,35.52165726300907,65.3889727748988,30.370458207444834
2022-03-03,13,29,48,28.710427849158712,54.3332815834864,27.37467213173461
2022-03-04,17,33,60,34.128716948576475,59.47262208696981,28.392196345787525
2022-03-05,9,18,51,30.818980641275786,58.85961009602572,13.09654801822074
2022-03-06,13,24,57,32.28268894930167,84.80772841625927,22.67632879802402
2022-03-07,17,31,49,35.0072752888988,35.36138755934276,15.749905156409666
2022-03-08,15,23,51,35.16955538921813,60.83682890982635,31.232488346990095
2022-03-09,17,24,56,37.722827043447886,79.41970977894763,14.927445374520515
2022-03-10,17,26,43,33.567808216735166,62.90735812724818,20.94432831579573
2022-03-11,22,33,43,34.83247784257797,68.74576617792499,9.487299441053796
2022-03-12,13,26,52,32.694346465130906,61.72921031599145,20.909657976032424
2022-03-13,12,31,51,34.64381051699682,53.573789262870854,13.1466754591323
2022-03-14,19,39,46,35.502403955432676,37.34110319627027,23.04875648183364
2022-03-15,15,33,52,33.970918202064176,61.325066701611455,18.489410750911162
2022-03-16,21,31,53,28.932270946601093,51.021944022976534,17.203425515403897
2022-03-17,13,27,55,35.4113594470772,50.27955513127104,31.497197615370357
2022-03-18,17,32,43,35.57978349688919,52.79548135230287,37.50934797778976
2022-03-19,16,34,40,32.51043839872875,74.73410572911301,11.872026199895462
2022-03-20,9,20,54,30.75834571936877,80.83184598778837,17.382822983077855
2022-03-21,15,26,43,39.095362574096754,58.45151875417545,25.18651253853972
2022-03-22,17,33,57,36.193933586757346,51.12587522000763,21.827310458546876
2022-03-23,18,19,52,34.07986415851625,43.49368053813074,24.7362946706781
2022-03-24,13,41,54,31.399142986467336,59.44218316855474,18.916958970697483
2022-03-25,17,33,58,32.38354294104626,72.07526485716275,27.74583398913443
2022-03-26,9,25,53,38.79110433162768,51.2609740463521,20.6524649984125
2022-03-27,12,34,67,35.32625442601341,29.43147999239266,22.23919945209297
2022-03-28,21,26,52,33.28702374120557,59.408045019086465,13.1518499129497
2022-03-29,19,20,55,36.4889422902963,62.04685101144283,19.977997437556557
2022-03-30,16,22,44,32.533336754994494,35.81905329915963,25.275068088724957
2022-03-31,11,34,62,39.49127925943639,52.92651026339476,21.439957242498952
2022-04-01,12,29,41,39.05492913438854,55.15774308444766,34.96947736598046
2022-04-02,17,28,50,33.60013888243452,49.39803312879794,20.262391073625384
2022-04-03,21,25,41,33.112739138728486,41.7049819268962,22.684905915016508
2022-04-04,12,26,44,27.138794614233525,59.255763090228314,20.61512320373217
2022-04-05,20,32,54,30.5384534191214,44.546560890640215,19.11919962950927
2022-04-06,11,27,56,30.950348088107617,33.2128848895212,25.5298985101191
2022-04-07,22,32,49,35.35545454927471,27.054963283390517,18.69495910475963
2022-04-08,16,32,45,33.947878553186385,59.643891038006956,12.88273240821886
2022-04-09,10,26,51,30.862846276765495,52.68860177684618,31.01877607069148
2022-04-10,20,33,62,34.02321883250815,46.889294275265804,15.904083697626477
2022-04-11,17,27,60,36.34617529642715,41.0955916811524,11.676082769054192
2022-04-12,13,32,53,36.37274029920422,39.698467092905155,23.579455708314836
2022-04-13,15,42,49,29.04488743712309,33.722682965853494,32.33475924286569
2022-04-14,19,25,54,34.30941493323086,39.6587269004821,23.760289467579806
2022-04-15,17,33,43,30.490135928570695,22.2674309369023,29.533162350874004
2022-04-16,21,28,39,37.286959040856736,35.604621778202564,14.39090734424611
2022-04-17,13,31,39,36.871505994421454,39.35492291994448,12.942575141478757
2022-04-18,16,29,57,31.75797654948886,48.06437131703897,17.362456258170596
2022-04-19,15,28,41,32.08263164760825,41.069959747836265,27.07183686949512
2022-04-20,12,24,43,32.92141379796176,48.924636909685574,23.074967739865993
2022-04-21,4,50,57,27.467043515988557,53.97561239346111,23.622948742078783
2022-04-22,19,21,53,35.14932167117804,50.577637570695416,20.258533977244696
2022-04-23,10,39,54,33.23468655541108,44.21567481624872,17.471880493965077
2022-04-24,18,26,53,36.87138421327327,39.14695108688977,20.552009923231484
2022-04-25,16,34,60,30.569133179008737,28.74144330786465,18.485824288410985
2022-04-26,7,31,42,31.906385546141113,45.47315608531649,17.080103967884696
2022-04-27,15,32,44,29.1394936772959,54.399115588728165,22.017862764384372
2022-04-28,15,34,40,30.537465344387506,40.55430225912968,17.919139251606936
2022-04-29,19,25,61,29.891643372818976,55.84124614112284,21.211981133990843
2022-04-30,14,34,53,36.30878087598174,20.952300735826043,9.839250965636113
2022-05-01,19,26,49,31.10539751334886,24.209833990193086,20.65019493979367
2022-05-02,14,26,64,33.44812183487367,43.85115508461085,17.8833138291899
2022-05-03,10,19,59,31.804841709163263,37.494070459886906,30.05816724859361
2022-05-04,16,34,44,29.006436748208962,47.54550740105262,11.502805024894908
2022-05-05,17,33,45,32.17383459078102,33.81410684430325,20.16018165312748
2022-05-06,16,42,53,34.33619218687034,24.854957026175114,25.373977773277637
2022-05-07,14,35,45,28.772034803228593,30.969545849702023,18.722323904461337
2022-05-08,13,40,53,34.67540914388288,17.35441179421084,17.68830993009411
2022-05-09,6,25,57,29.548036430381085,20.976249923122317,25.345809123647943
2022-05-10,15,34,53,30.493791178520716,41.57275788971464,22.893444250977083
2022-05-11,15,30,52,33.37679719521086,40.16773204682101,23.444111184120317
2022-05-12,11,28,45,29.632952148847146,34.66694051244031,17.091066758235655
2022-05-13,14,31,45,31.57105376986574,13.428781393508803,16.40284213179949
2022-05-14,17,26,50,30.345929926615852,26.663916703929655,21.22027187459699
2022-05-15,13,38,69,31.506434182840394,17.61220238637356,26.024754797894712
2022-05-16,15,35,46,23.80114599472682,41.247749889139335,12.345778893328035
2022-05-17,17,32,45,25.27610825951518,23.271491896467822,18.936018794040915
2022-05-18,8,33,47,32.43165516974818,17.88372254425072,16.6388343144219
2022-05-19,23,29,47,33.51076262025182,28.677947164598418,19.661364578518302
2022-05-20,14,41,53,27.480141031560677,21.623633283246516,24.599225311860174
2022-05-21,14,36,57,29.2888729066896,42.51432090589625,14.835407132207829
2022-05-22,23,29,37,30.711503116843183,19.987091602477683,23.712742486486686
2022-05-23,11,27,40,31.710473503524568,13.007952828748913,17.276010242316556
2022-05-24,9,18,63,23.34841040392497,5.142950433216043,27.341128838650043
2022-05-25,9,40,58,26.571148258514782,26.042983300950084,15.115343285396955
2022-05-26,8,35,54,28.026622808824214,20.417317674829782,25.90760471989575
2022-05-27,20,33,42,30.926199376095244,11.44044410363431,12.771792841864714
2022-05-28,19,24,53,36.10187546972935,37.32181801251545,20.76813566157183
2022-05-29,16,20,47,27.709821755723492,31.8093488590573,23.872448634698735
2022-05-30,12,36,57,23.9576741917978,24.56943005409447,15.245188405941288
2022-05-31,65,99,228,29.167754954032894,38.21703475492374,8.939615479264926
2022-06-01,65,122,240,31.703923233859925,30.928830456956025,16.815389321755017
2022-06-02,100,135,208,27.84266956462514,15.812223353919489,19.729198358879554
2022-06-03,90,126,192,24.57414497116747,13.39358525175992,17.668315845840887
2022-06-04,75,122,156,29.941374439548014,31.718374695863005,16.30955377198281
2022-06-05,65,194,236,28.829237258122184,27.262842271633204,25.46960720982023
2022-06-06,70,126,172,23.52953923267055,24.765175873679603,28.24393601246798
2022-06-07,105,99,184,27.519281952146336,14.379226274569012,27.69919480073323
2022-06-08,65,140,232,29.132136085210938,28.708232930935715,22.588881856759382
2022-06-09,120,148,192,29.44952427752368,14.866432077102193,23.55755019885221
2022-06-10,80,166,164,25.466272552131105,21.202390138247733,14.42829779584985
2022-06-11,60,130,196,24.35146762240856,36.5007650686344,19.149307925640414
2022-06-12,85,108,220,28.866006156304792,15.240335889672616,20.24428242381838
2022-06-13,45,108,220,21.310645724425303,5.944482164245411,21.464038220941834
2022-06-14,35,112,228,26.012343486800418,10.982992797555951,21.344797254730167
2022-06-15,70,108,172,20.340612407009072,31.29398562121858,19.74499444367457
2022-06-16,65,153,212,27.399588944767046,23.749330684009763,22.50590867900706
2022-06-17,50,135,192,23.18084584408662,19.77280094237516,21.044714192429648
2022-06-18,80,94,236,27.51108241415644,15.838767175152116,21.029508408834673
2022-06-19,85,108,196,24.928823322525766,25.66004895853404,15.571983247543093
2022-06-20,65,112,172,19.53315304141115,12.200796706782317,13.358337982833943
2022-06-21,65,99,200,27.223976543135375,23.642580875577,21.49781459747294
2022-06-22,90,135,204,27.350234585166625,13.176175498662134,17.049240375100272
2022-06-23,70,117,228,25.088964671875406,11.423668160499751,15.804138372994197
2022-06-24,45,126,220,19.902224358689466,13.945699532638898,24.067731328262248
2022-06-25,35,144,200,21.013180798716494,16.495605938181683,19.214670392043725
2022-06-26,45,130,196,22.111166759042707,19.699304227577624,29.577262706969453
2022-06-27,90,140,248,19.306920049263685,22.488916778676884,23.253925654935514
2022-06-28,125,148,264,26.23783690589156,-16.79368801203489,15.263599402598967
2022-06-29,40,135,212,21.336178575665006,11.977928388376592,24.162078177458586
2022-06-30,80,166,164,12.535289353745888,16.112076773372706,22.167825255018784
2022-07-01,14,30,39,21.405344041675658,35.06062093076796,15.079343164913233
2022-07-02,6,32,49,19.084632762878392,9.201085142690712,16.39095230492668
2022-07-03,14,27,44,19.646115378314338,21.629077407511158,23.7994605468011
2022-07-04,12,33,48,18.506865299235916,34.96030364204304,10.717597724836196
2022-07-05,15,28,54,21.775805754752106,6.898091247460371,9.366220535094724
2022-07-06,16,25,50,22.45586417517325,23.994186224488264,20.654880413189147
2022-07-07,17,29,45,19.68836229827401,12.067246562904344,20.16963613791033
2022-07-08,13,35,42,17.564015191327535,15.088021404673398,21.23252278697028
2022-07-09,17,30,44,18.201103278747073,12.156494247381513,20.187750541752955
2022-07-10,21,32,56,18.127576187944175,12.931107318862438,22.41519872727792
2022-07-11,23,26,52,15.405721926607374,47.53969535995394,28.369833220341505
2022-07-12,16,34,38,19.29468075163596,28.844820733966944,19.611695327770175
2022-07-13,22,36,48,18.683628185697966,31.506099804653793,12.021927258350424
2022-07-14,6,27,54,21.67123037242638,25.505860057516,10.291038052716027
2022-07-15,13,29,44,20.563235609268485,4.629277332664973,17.523286611195587
2022-07-16,16,29,48,14.48839019377043,24.756029586235208,17.667989313583675
2022-07-17,19,28,70,18.755562416312863,31.659001373341273,12.675399426945557
2022-07-18,14,38,47,13.192157459796476,12.527579988871585,8.785267244710482
2022-07-19,20,20,54,17.88433617483431,30.85528598181893,17.115430069831977
2022-07-20,14,28,41,13.999465114617326,28.39435945288313,32.27936471332502
2022-07-21,24,46,57,12.233634715835846,40.02886516439375,22.12532073155507
2022-07-22,12,32,46,15.899008794724262,17.496544609837827,21.517248103385
2022-07-23,16,28,56,6.792113925476579,10.872568425016803,18.545860780577986
2022-07-24,9,31,48,9.321367315837804,18.41504251103914,17.51399908303418
2022-07-25,15,25,48,13.801904870617681,36.57796661582074,22.825843852680443
2022-07-26,15,28,50,14.343471150057532,4.137362100022052,13.156308123791373
2022-07-27,16,28,61,12.751704307291117,1.94500010656785,35.04748242468437
2022-07-28,20,34,64,8.886686004303895,23.738157092574212,13.474821561470506
2022-07-29,10,33,57,10.938542708327056,18.641805266231426,23.47424078446492
2022-07-30,18,25,34,14.335027579085297,23.37645163871655,13.874127132732697
2022-07-31,17,30,51,14.677952696777128,32.99167696368305,20.347147738962725
2022-08-01,10,35,53,12.657240040581824,18.260093430479053,24.266892289308796
2022-08-02,13,31,68,15.951874141424334,5.3107240597976,11.261214923203593
2022-08-03,14,35,41,13.451255205139914,44.748285694969326,14.363119167745575
2022-08-04,21,35,51,9.796682315696366,14.601489438827308,14.667797537633717
2022-08-05,15,35,53,10.979887261655387,14.261237623345789,17.97939929402046
2022-08-06,14,23,49,7.397562592223792,36.17409752199084,21.140669870680593
2022-08-07,15,32,37,11.068999010260885,21.584662189542414,32.498599019016204
2022-08-08,15,24,50,14.519523073276915,25.095591648403467,16.344954923309093
2022-08-09,17,38,50,13.031509305759064,30.864520054012235,31.803278751968246
2022-08-10,8,39,53,14.97675897830745,37.1866793561842,21.879954494533123
2022-08-11,10,32,59,9.659902049665503,23.33747865897347,13.327572391372117
2022-08-12,10,38,50,14.407478684994318,42.19975548013821,18.573126882726957
2022-08-13,11,32,53,9.592741962519815,5.977202090471529,12.089205966859788
2022-08-14,21,30,49,14.393797284506682,35.27475417338995,17.526464123141334
2022-08-15,17,26,41,9.72282861551839,19.629902271416054,17.14362767541898
2022-08-16,11,27,51,11.722475718108173,42.102698679464055,20.45344623524197
2022-08-17,11,25,48,13.841582941321906,30.16164444037165,23.49926570983919
2022-08-18,11,39,59,8.65456340911696,22.37965991199981,19.031678816594823
2022-08-19,10,24,39,9.711803651335208,36.11082828147801,13.814855679797516
2022-08-20,11,33,59,12.74826011288997,38.79408474504658,36.8839240907531
2022-08-21,15,36,55,8.310988095229686,36.666893687644915,29.53616352247914
2022-08-22,16,35,53,4.578993960623374,20.3425942067829,33.196587369795814
2022-08-23,7,33,56,14.805760543249121,26.196726428158684,18.44352503932696
2022-08-24,11,41,53,6.805958780807874,31.39912953091055,21.57499423524863
2022-08-25,13,27,41,8.533525196073398,31.435721384033915,18.121741407211065
2022-08-26,16,24,52,11.370820813539211,39.759611408476125,20.505558982632618
2022-08-27,14,25,48,5.9264475171176585,12.532239178382085,20.84902452073052
2022-08-28,15,26,54,4.581083279474968,36.448748817287466,12.739610152212306
2022-08-29,9,34,39,8.222329699044952,30.634897707092005,17.630860854747816
2022-08-30,15,21,50,1.9420349459668795,25.58381708773112,26.63103896492285
2022-08-31,12,28,51,6.321449223148836,26.982817857638537,25.885493422989033
2022-09-01,11,25,58,7.7879840721975455,32.705791713174754,17.527927937389066
2022-09-02,10,27,49,6.114549528884682,-0.7117110374669622,20.974438337171847
2022-09-03,16,38,58,2.1694641108397246,28.738572130072992,17.9471489842391
2022-09-04,19,26,48,11.461674029169641,27.44986956997393,23.78503776153705
2022-09-05,9,20,50,6.873025100823893,41.99648675008784,11.229374256929235
2022-09-06,16,34,44,10.743119318414962,29.077975037520268,22.845493991413676
2022-09-07,14,25,50,5.560821798045422,35.45050376480797,30.182108788931753
2022-09-08,12,28,40,3.5962096640368078,53.49648184813632,15.518079080055273
2022-09-09,17,35,66,6.943181927869079,48.49283859015448,28.827939960477902
2022-09-10,16,27,42,5.391779655445651,48.051038294516445,21.306119248260703
2022-09-11,9,25,46,2.413495431594453,34.51185203835463,19.01648283006892
2022-09-12,12,35,46,10.267935625506178,45.42625942535091,17.485041140783263
2022-09-13,11,34,51,3.9077656311354376,38.14528333779088,29.157463131276643
2022-09-14,11,36,49,0.17398589615661297,39.01447366416058,17.965623728139036
2022-09-15,8,31,47,9.603730907062552,45.566077819035385,31.659209895212733
2022-09-16,9,37,44,4.0350477240999005,35.99563496092543,30.44701751613184
2022-09-17,19,34,56,3.6574615767921643,57.394329127887445,16.696430393672276
2022-09-18,11,33,54,0.12206428947416015,41.363956916908315,18.38753861199525
2022-09-19,22,25,48,10.58266620030545,49.65190875070068,10.107791416278458
2022-09-20,16,27,47,1.4373528636885862,58.529288138653925,19.21345586175067
2022-09-21,18,35,43,5.4314501624172165,54.796587196021356,19.972205475733396
2022-09-22,13,31,43,7.948638718163867,30.899260208031166,27.537539395143103
2022-09-23,15,29,47,6.4349869455241855,49.94729699975926,30.98829632715069
2022-09-24,9,33,46,4.954326104121606,54.51675274858058,24.494040755483457
2022-09-25,12,41,40,-0.0038503138734631293,55.440592233742464,26.805694456182998
2022-09-26,10,30,50,2.644245826187687,35.902447496867524,18.382892013005954
2022-09-27,15,33,62,5.613517487815015,40.97935576991407,13.000514968147877
2022-09-28,13,26,45,2.6697203770581277,58.01032887393672,21.293593338122992
2022-09-29,13,32,45,5.626882646220801,40.962754643500574,27.387248488793364
2022-09-30,12,24,34,7.052036016135065,46.0994302879496,7.512864234214452
2022-10-01,18,29,57,7.888758777579238,65.37144921276942,20.27350502400728
2022-10-02,15,36,50,1.321600830519099,49.65111364503941,10.56931156103171
2022-10-03,13,32,41,11.593410635238499,43.37774154474824,15.114962693040868
2022-10-04,10,36,47,7.313687865067139,42.38549485813617,20.530170096329645
2022-10-05,23,44,51,5.018326221659344,55.004702998869966,31.155691634986212
2022-10-06,8,30,48,8.30873515260759,38.86137381217024,19.628942839020734
2022-10-07,16,23,53,12.157438373792232,50.23418866196704,23.982658217858113
2022-10-08,10,31,49,0.7705710934201129,56.553745749825104,21.22783362621598
2022-10-09,11,28,40,4.440878931256953,66.72587612208034,15.4086634511099
2022-10-10,17,21,56,-1.98428240593028,60.92168966021124,22.537487117981957
2022-10-11,13,33,50,5.767712962034278,47.616130373272256,12.885976257517827
2022-10-12,14,24,52,6.329075474494038,67.05013788828003,19.539408486400465
2022-10-13,14,26,34,5.162916599597582,52.77839708365012,28.9766750592919
2022-10-14,14,38,43,3.3686741644202205,43.92240915839738,20.712306079591645
2022-10-15,18,36,55,-0.7600503761512849,55.06305697259392,21.230750979623878
2022-10-16,12,27,41,6.569642222462701,71.66718367433509,17.518325565561955
2022-10-17,14,21,42,9.88020438692315,59.43775441274323,11.49382380103617
2022-10-18,21,20,44,3.809997874715192,58.40812783622193,18.155838745830774
2022-10-19,16,25,45,6.976657388190848,75.15012651602896,25.463192869524114
2022-10-20,10,26,35,1.0297193153125441,44.95696136070415,22.080155735684546
2022-10-21,16,24,35,7.1876933796703995,46.90427140083166,13.130157142366365
2022-10-22,10,26,50,4.7220122376376,44.08865836536736,10.387824319140988
2022-10-23,12,27,51,3.705187715847379,64.45742902979431,15.350839426696556
2022-10-24,13,25,43,3.8057838226636607,62.876522714865324,18.21434395658009
2022-10-25,10,26,52,5.004595938151449,77.11627715872139,18.627312349350284
2022-10-26,19,33,56,7.4353801242976,64.59752262216762,18.70535537488265
2022-10-27,12,25,41,2.4583032043739053,58.591454529089646,19.567789271183834
2022-10-28,18,23,54,5.314190960512791,63.11748568746298,22.312174939157767
2022-10-29,17,37,54,6.495864469109326,64.7392403025787,17.13942122567385
2022-10-30,12,21,44,3.441869677253967,47.303163781458395,14.276876998609227
2022-10-31,16,27,43,12.251620027861401,91.57854869618545,23.12289549145637
2022-11-01,10,35,54,4.427668238872018,70.12410884823451,25.65929886839014
2022-11-02,15,31,62,5.110229884962484,67.47122544407858,16.273262660701562
2022-11-03,22,23,39,4.317819777619592,71.96397110205697,35.12945914349982
2022-11-04,17,26,45,12.786164176897177,73.34294442554548,30.601221700641165
2022-11-05,16,21,48,9.191156290311326,65.27498824468702,13.434934314202854
2022-11-06,14,27,50,4.868075681732855,60.794857418346595,10.639706275621837
2022-11-07,22,19,48,11.145608791469488,73.52345207206808,18.465750425444547
2022-11-08,14,29,56,8.58167976024648,71.80253583749199,21.274844608684216
2022-11-09,20,31,42,8.907575411982844,60.25769104716764,34.95397883651869
2022-11-10,16,27,47,7.262130607681001,82.95267330323,34.55465304138962
2022-11-11,7,38,57,6.210529635870008,72.09600302477563,24.001105159230374
2022-11-12,19,24,43,9.638711169985365,76.85516349903769,17.25185117695944
2022-11-13,13,34,39,7.160156994564902,83.86487081572778,27.926891990672438
2022-11-14,15,30,56,14.419011544265526,70.54733188304901,20.316555957943322
2022-11-15,13,28,52,5.337466109832001,73.87472171713031,12.495755209412579
2022-11-16,18,28,51,13.93362098433821,79.17609661013586,12.651368168538365
2022-11-17,11,29,47,9.174168547831892,64.1915907432883,17.288948745732455
2022-11-18,10,23,53,10.591465693708304,72.33874237151696,26.40986019527867
2022-11-19,15,42,62,12.38281901739412,73.40527648660466,13.804449921313436
2022-11-20,21,31,51,8.184732841352506,62.934206519303096,17.27683871061801
2022-11-21,16,30,56,12.863301738571183,96.00949564656202,30.513250516821703
2022-11-22,10,25,42,2.3458839205038053,59.0917631000509,22.068009490017637
2022-11-23,15,28,55,8.50933017372116,60.50836407344029,33.252734736844516
2022-11-24,8,23,49,8.100658526249907,86.9494140256002,22.889465212725554
2022-11-25,11,24,46,7.318581658473255,81.25050136295005,26.718842105462066
2022-11-26,16,25,48,10.643131383956128,64.16173463043874,17.39060355732466
2022-11-27,18,36,52,12.656723560178309,80.79058032374354,31.19768496556219
2022-11-28,15,31,58,13.821450297983613,89.68517760513018,24.23167650510027
2022-11-29,14,28,58,12.652552698526733,74.98561554467364,18.82074822611026
2022-11-30,10,28,46,10.151685494836105,101.5505546337851,29.22490283531263
2022-12-01,13,31,47,13.476985155693939,58.588212367989485,23.889202725462717
2022-12-02,17,35,36,12.96622383215289,83.02591621898935,19.421195421774822
2022-12-03,18,33,52,15.627160902071225,88.00408590323669,23.105371434918915
2022-12-04,12,25,45,15.377556045251781,85.49555766207659,14.698469735329681
2022-12-05,19,26,58,13.367989115655728,74.77400062912122,27.9595086185414
2022-12-06,17,35,58,10.816607093259753,74.14063570384502,34.75155593183693
2022-12-07,9,34,56,11.783245493319003,81.70598083105766,11.32437211758681
2022-12-08,19,29,43,12.328312082996295,85.6334735145393,16.213572971491658
2022-12-09,17,21,59,13.269249904597121,83.70392082803826,15.777421096321925
2022-12-10,11,39,41,15.258283139409162,88.27482125002912,24.719980033689374
2022-12-11,11,26,66,16.84038133773859,67.87233890872709,20.922685077003145
2022-12-12,14,29,47,14.783800427042165,75.96180973414906,17.001600502447452
2022-12-13,19,34,55,15.22932943831594,69.00947327104471,17.832115742539873
2022-12-14,12,30,56,15.85610054515567,74.71019951105049,16.499715426610894
2022-12-15,16,35,50,14.125047567393832,88.87676456879421,23.72487762739717
2022-12-16,16,36,47,13.144450864059554,79.94911153087675,20.81341855009665
2022-12-17,16,27,47,10.903386881325048,105.07402603965602,17.55602616711776
2022-12-18,18,30,50,14.334460435680134,81.06706522838567,16.595637474540055
2022-12-19,20,18,47,18.090613664740857,79.8488547735132,29.393201792045762
2022-12-20,14,31,54,14.81469818785201,80.42403159340962,27.726544446676048
2022-12-21,12,36,55,16.463178240073525,73.08568124744066,23.81326650905425
2022-12-22,17,25,53,18.829896699514784,78.97823707890589,26.7638490116577
2022-12-23,11,34,52,19.247436179303794,90.9185602410274,12.536902108912884
2022-12-24,9,32,51,14.702219861802904,80.85568024524441,13.76319498621456
2022-12-25,12,24,38,21.188057395870633,71.84786437489748,13.274601630541818
2022-12-26,11,35,66,21.835524806354925,70.58927839255928,19.611804846147795
2022-12-27,20,34,49,15.320978447282618,75.3869263313798,27.050642562564086
2022-12-28,16,35,51,16.496452989041728,80.66754350330638,17.079487099417147
2022-12-29,14,33,44,22.798977041089763,91.8958698434169,28.255271367061923
2022-12-30,15,40,42,19.04311526189291,66.57733560852677,16.202288841370425
2022-12-31,11,19,49,13.08246581530692,76.79729239738592,18.747693181043644
2023-01-01,8,36,44,15.800955485801952,81.44310019435079,17.016881397532362
2023-01-02,12,35,53,19.510091466820064,61.658497499979134,18.288312168408712
2023-01-03,12,27,48,17.027196223487387,71.64623919252708,18.925136775525953
2023-01-04,18,40,52,19.534023696439466,73.16111909129242,10.533601212806936
2023-01-05,16,32,51,21.129225043085537,71.96920542069259,21.87272726901755
2023-01-06,18,27,65,25.67623579316588,81.8078406982547,18.783932594258292
2023-01-07,16,34,36,20.67516371302816,78.23452850232766,31.174719219310305
2023-01-08,15,33,44,25.02074607220856,74.22960064772184,23.43693705413798
2023-01-09,13,27,49,26.345462067809283,83.99559982949303,21.569171261986128
2023-01-10,9,29,47,26.61756131802045,96.87142714637343,30.555554161359424
2023-01-11,18,27,50,23.423660942878865,95.94916837009936,29.5271396342213
2023-01-12,17,41,53,16.93353320413174,60.23605045541666,31.63786593630599
2023-01-13,12,28,43,24.45904209424088,85.13292423735885,16.521575905911057
2023-01-14,12,19,55,26.474022358503106,77.47170306707746,13.167366876330423
2023-01-15,13,24,52,23.33689017378299,80.68455498514209,10.552073730108209
2023-01-16,22,29,49,29.064051036968547,75.02260407273283,26.644690364344378
2023-01-17,24,26,51,26.658873047413945,80.04515862249647,9.98863553988788
2023-01-18,11,33,45,26.03205662466748,80.23862961137137,20.912052027619712
2023-01-19,20,34,38,27.832960503461834,72.7818096984227,25.386926907906354
2023-01-20,19,34,55,25.819154479168095,69.44595711403045,11.64046290921915
2023-01-21,17,33,50,17.584411995725645,73.75256269919055,14.136702115549717
2023-01-22,12,28,49,23.80772497823448,80.4036311239621,27.900931107256916
2023-01-23,23,27,54,29.137372225103665,83.86420575893787,22.83990976416369
2023-01-24,11,26,46,23.362177073359216,86.2126762386161,27.848208457131882
2023-01-25,21,24,50,25.351902322378784,72.5340284173495,21.055094559829215
2023-01-26,17,29,34,23.123395097475534,80.10297479321247,14.258724353674639
2023-01-27,23,22,59,31.843401673861777,86.6700764434895,16.874680893988092
2023-01-28,13,30,43,31.7679174983602,88.473506847019,25.779489380177626
2023-01-29,12,30,48,24.301647378120574,75.9937901047089,11.295658397640391
2023-01-30,13,31,56,27.62290160290407,74.12948529163052,16.435033685761944
2023-01-31,8,24,35,25.36515110910751,77.99892401876225,15.690439267186854
2023-02-01,15,31,49,29.474898074875703,64.3317557476958,19.00714064339401
2023-02-02,13,27,65,29.380283342210234,73.62623052268422,23.688169117411018
2023-02-03,20,36,45,30.50519428791429,82.7341101053748,27.61462143122339
2023-02-04,12,28,60,29.282285040637948,81.42614444959412,12.266596911757947
2023-02-05,80,126,179,37.30674496353217,72.01501412908773,14.574715846602967
2023-02-06,80,112,163,25.628232806774786,76.5985648161182,12.730597438257101
2023-02-07,72,90,128,23.78909024110191,65.87133545207777,19.24948824590615
2023-02-08,60,112,144,27.947882449622494,80.8420697508147,13.235663307613047
2023-02-09,72,108,176,24.626736429932215,72.71118874894715,21.817121975336565
2023-02-10,56,86,166,25.05409770333467,70.40518301801359,13.80212567022168
2023-02-11,48,104,115,26.72549945293082,69.21588939888935,28.837257704086927
2023-02-12,52,65,154,27.157952557339296,71.86585336713847,10.673785041562052
2023-02-13,48,119,195,27.252799976644,67.67101417077362,14.739339764209564
2023-02-14,24,90,166,31.86044835969124,78.37965610308261,31.750328575427968
2023-02-15,56,94,102,28.973307722518694,67.48736610112705,20.727821056098424
2023-02-16,76,101,144,30.13630560960918,87.00546518534853,16.52532975705134
2023-02-17,56,130,211,33.53735889794148,85.35730668210299,42.162519252591046
2023-02-18,92,97,182,28.7322877701155,61.41300877285562,17.810926385660505
2023-02-19,64,126,163,30.410943619334155,70.6427046332214,23.387501365014163
2023-02-20,92,90,202,32.47186708545718,63.05040366299944,14.948170854648975
2023-02-21,64,104,170,25.716519001398403,65.89600702965973,14.092080148580981
2023-02-22,48,130,160,24.54972123920988,88.7865918660054,23.830812036764097
2023-02-23,44,101,163,32.90253683774483,65.2808778669037,32.71233929349229
2023-02-24,72,130,166,33.49645916432084,71.5476878029518,16.758288657107364
2023-02-25,56,104,170,38.365746289667655,72.94215814893383,13.75291948177755
2023-02-26,17,40,43,32.79643292713664,57.10097505592121,26.495899741980665
2023-02-27,19,40,66,34.92677854726141,58.1295683556193,16.81143997160044
2023-02-28,11,30,48,32.02285815375924,54.18861090559828,21.91285211605203
2023-03-01,16,30,52,33.638938037668176,56.95262392029339,16.5963094196787
2023-03-02,9,24,48,37.88322989938564,36.870841270680906,17.486191932706475
2023-03-03,12,34,70,26.63986686656704,70.37122267515169,14.54930468812512
2023-03-04,17,29,47,34.37922434987868,85.01717066539724,24.035542867091745
2023-03-05,9,33,44,39.66777283938255,65.49898390510535,22.121136690984805
2023-03-06,13,28,43,34.22582285452126,49.399477524563075,21.873609643687242
2023-03-07,18,28,49,38.44618193448218,56.67177312968247,15.446386198161695
2023-03-08,8,36,38,31.717570743451216,58.044257673632714,21.50216990975213
2023-03-09,17,28,59,33.615777340288865,51.98692407866618,34.198403726035835
2023-03-10,20,22,58,33.91514342291528,70.29073986987518,13.783432266650117
2023-03-11,15,29,50,27.26035201561163,69.31419188746742,14.983107544536956
2023-03-12,19,33,58,30.503024948793268,49.176429226817184,15.245831486311664
2023-03-13,17,28,44,30.80721563097647,67.49793351951078,20.15301385210142
2023-03-14,12,24,57,36.65014404550472,75.02838917713211,13.447849071996245
2023-03-15,19,24,47,36.882307061479466,78.29609188354398,22.850025584128005
2023-03-16,17,31,51,35.31563172699818,87.43013029986011,10.289982275337142
2023-03-17,17,30,63,36.88925544865163,49.26298269849208,24.968562413668888
2023-03-18,16,43,37,33.9936508266575,86.02755817604603,21.74566970048532
2023-03-19,20,39,49,38.15675383639123,53.7434277777902,33.930385191216196
2023-03-20,19,32,43,34.637872155482526,50.858816011443544,13.99198750338174
2023-03-21,13,34,70,34.841317264865125,59.550163127669904,26.842148681148966
2023-03-22,19,33,50,33.922819154286906,49.95293411819479,18.802153953766386
2023-03-23,16,31,51,36.82045868419066,59.25638611910808,17.615960523464725
2023-03-24,17,29,41,33.54664518607105,41.556009675721015,13.7714829723932
2023-03-25,18,39,46,37.7782815579045,51.85868283587696,16.67409810104585
2023-03-26,18,36,52,31.486885719120963,66.5902002602205,16.916391190784783
2023-03-27,25,30,56,31.616519839224697,52.65082748561338,11.665790130952795
2023-03-28,17,31,47,37.0010652075872,54.12350616833007,21.67225841084438
2023-03-29,13,16,44,34.6942419528733,56.94543994411547,20.768220711662497
2023-03-30,8,45,43,33.61485706887408,63.38412599619468,23.357096021340702
2023-03-31,13,34,42,37.65892336602163,34.60942130487091,15.976535957264787
2023-04-01,18,33,54,33.17474328744011,56.49072344146103,25.276158163226285
2023-04-02,18,42,48,34.39925733314174,47.44771475646973,29.340726457001036
2023-04-03,15,35,51,39.19643373003455,51.27907007086811,18.04334855416068
2023-04-04,17,32,38,39.610621247742316,59.695892552216584,14.08465384671892
2023-04-05,14,33,38,39.70039036458648,36.63849183620857,19.819803012988928
2023-04-06,17,41,62,34.12238008217915,37.93830210208961,19.527137573574596
2023-04-07,17,32,47,38.64199224126597,28.19540854294927,18.344768413380162
2023-04-08,24,27,55,32.07972118320443,41.543806420376114,23.374569849420396
2023-04-09,14,29,54,32.17814411484503,59.826285455923184,17.342265830792304
2023-04-10,14,24,49,27.815343402028738,44.803686919239425,13.722292188221038
2023-04-11,14,21,43,39.84876845918069,32.09708909311259,20.398414461050862
2023-04-12,21,22,49,32.19728270222922,40.131663789185936,23.73707548195322
2023-04-13,11,33,48,34.36430054045856,29.60143241536342,24.364266911387187
2023-04-14,17,24,55,31.963232348897503,32.721422328769336,16.979404683749816
2023-04-15,20,49,40,36.725654004475956,47.35649219074121,21.31944118323551
2023-04-16,26,40,62,33.45487196728389,31.22652504982741,29.60838967895055
2023-04-17,18,18,51,30.60461607406212,53.59064113548844,29.52432973709518
2023-04-18,10,31,47,35.77704592102042,41.25436793683143,27.096672342541073
2023-04-19,22,27,50,30.079577180378756,42.325171421015135,11.422034119337932
2023-04-20,19,31,41,31.79299777351021,38.19167609485103,17.39314859699033
2023-04-21,9,26,64,27.904756356304333,48.212739727764074,28.884171710106838
2023-04-22,17,26,59,29.869542814263493,47.827535510224536,11.400024357597871
2023-04-23,11,28,44,34.588807703592906,42.861119861584854,19.02463661736043
2023-04-24,12,18,39,28.067250851260916,44.676215354158415,15.892199449972916
2023-04-25,13,25,43,29.420923659031253,36.428426692796,21.465739022941687
2023-04-26,14,21,50,33.756647642492496,43.49574564061385,9.126174475060203
2023-04-27,16,27,40,32.02824876313409,34.22286401177482,27.969482421911795
2023-04-28,18,21,50,39.52644694274819,37.155558084249485,19.3194194986967
2023-04-29,15,34,57,38.939278999096764,33.92221716319866,13.42639269953474
2023-04-30,10,30,57,30.71709245118894,31.63583242324492,15.176127183238098
2023-05-01,16,27,51,34.87159591481348,28.86034986077061,21.703757603093873
2023-05-02,16,30,48,35.32344245127818,39.97604104571706,14.795467472803868
2023-05-03,13,31,53,31.154695346675457,47.95722748648902,32.35385877302393
2023-05-04,9,34,53,28.328207936752797,46.11870535203014,18.598768722613787
2023-05-05,4,23,61,32.641840512371786,21.403169892116303,30.360937998418933
2023-05-06,14,28,38,32.020345166837224,46.426741765527154,20.409655868800318
2023-05-07,16,33,56,31.08801948994679,29.92389325557316,24.03405263194729
2023-05-08,19,33,50,33.5750213761822,38.68858165490412,23.57037874355582
2023-05-09,11,32,45,29.845010373797372,23.200003333620533,16.526824945920264
2023-05-10,17,27,54,28.48675031400181,33.268117049274586,24.13061460122731
2023-05-11,7,28,46,32.111996737230214,34.577089731093984,16.989076706649705
2023-05-12,17,33,44,32.78117089821225,16.190849745183044,11.047980271148303
2023-05-13,13,33,44,27.92839436015798,36.72222826655539,18.072630479535455
2023-05-14,15,28,41,34.074274245953376,43.7073025374417,12.799904210201266
2023-05-15,14,34,51,25.80688674940071,28.115721816157798,16.80026489721322
2023-05-16,15,33,47,29.2090229351504,43.084098659541844,19.116871176290395
2023-05-17,8,33,60,29.991128096546607,27.211778297569765,14.222379310974057
2023-05-18,12,37,46,28.675083013651868,37.237044962532366,23.019690225078936
2023-05-19,20,29,42,28.704036982651083,6.194285853873165,16.92476520538595
2023-05-20,11,28,47,35.82482458907959,52.21295564472727,12.675469508902895
2023-05-21,17,27,44,27.468305696086315,42.631464256288766,14.296252897654911
2023-05-22,16,37,41,37.15101052555201,24.48894553528279,20.01118388839043
2023-05-23,11,40,53,30.94220103774161,7.279345154557049,17.82069040138911
2023-05-24,8,36,51,29.7076076308735,29.552369273846097,21.207615550596774
2023-05-25,12,35,53,30.657990059612928,11.911592854346688,20.056298144306776
2023-05-26,20,36,59,36.61414419612969,30.48515418898393,13.867556320852028
2023-05-27,18,26,54,25.835999772592757,29.8451473603944,15.769701781563654
2023-05-28,13,35,47,25.24533026175571,16.01552170993737,25.209689668879548
2023-05-29,20,37,51,26.129240346436884,36.34656762090866,14.617463780424668
2023-05-30,14,33,57,28.275036019003448,32.90735587152851,30.59902963045699
2023-05-31,15,27,54,22.783637347991288,34.332005686100715,11.780013085917028
2023-06-01,21,31,51,27.807953583193633,24.392047159658865,24.944067228170095
2023-06-02,12,33,53,32.59926860192765,9.885541699966751,18.693762811588947
2023-06-03,21,29,57,27.74831277850469,33.56450961377896,13.896359331727206
2023-06-04,16,35,51,26.18933623818212,20.834845259966468,19.832413006827977
2023-06-05,18,33,47,24.98411905657602,9.401371275033032,14.772041981150123
2023-06-06,11,32,49,29.30331687891212,36.58809185371625,16.096172866150564
2023-06-07,27,25,63,23.89750677982918,43.83827950828318,17.056025388194893
2023-06-08,20,23,53,31.67952714403206,22.216275971086148,24.310471678583497
2023-06-09,12,37,39,31.703933392990074,44.012632454474605,15.697341488907716
2023-06-10,14,34,54,26.435871874044846,23.135403970298007,20.798594074691582
2023-06-11,13,30,59,25.39116069671657,18.22676456310108,24.61039447787436
2023-06-12,10,27,38,28.27616411478568,15.544093705919298,19.660832471098562
2023-06-13,26,26,44,28.225522740049936,38.04519881490145,21.802227463413104
2023-06-14,17,32,56,22.278630420859166,13.70702590237934,19.081931172345808
2023-06-15,18,31,58,22.871026889692246,28.703690454092214,22.867131392487167
2023-06-16,26,26,52,20.23641782393836,15.610380959615584,12.557680500360268
2023-06-17,12,45,46,25.182177205922294,16.458507103519075,29.68843379633262
2023-06-18,11,38,49,25.705216357584728,31.232202167963493,9.921817666606591
2023-06-19,13,31,63,19.404808139875367,17.006081420108604,15.37999224332623
2023-06-20,14,20,42,21.837217017148447,16.64389142248161,18.753048908946358
2023-06-21,16,32,65,18.908331594159616,31.91397216089912,9.927285519791878
2023-06-22,11,39,42,20.00009935515192,36.462694119007935,16.345080799949173
2023-06-23,17,23,51,24.09515637475666,26.847160046092625,21.072416265910835
2023-06-24,16,26,54,19.98654175376327,13.772876124649516,31.008302247449382
2023-06-25,11,35,45,21.028744793691814,15.143595410045506,23.19576502785708
2023-06-26,12,26,46,16.792949922983478,20.986755224315033,16.751179611418884
2023-06-27,5,26,58,21.979021876431997,23.343659446822322,11.460166566133617
2023-06-28,14,33,45,21.027977228967995,10.211305800851829,28.557398557565
2023-06-29,13,31,42,18.716321410387412,27.28481336164288,16.498337542651797
2023-06-30,5,34,60,20.078290602020548,20.88290984332909,21.053765605421546
2023-07-01,14,33,40,20.928161244917323,2.852917358303369,16.76581371769544
2023-07-02,15,27,53,17.684500506602294,10.71184640190473,21.877845308741367
2023-07-03,10,39,48,15.442107414664346,14.959824489995396,28.137026981441934
2023-07-04,13,22,55,25.029446694653473,19.28142365627411,24.216723940723078
2023-07-05,11,34,47,17.454848390801224,38.92056450197306,17.715641192930192
2023-07-06,26,22,50,18.806520529952444,22.436147027240523,28.779732184030966
2023-07-07,17,34,64,21.87172201655901,11.682246003263295,33.25211959339217
2023-07-08,20,26,58,29.169114315453484,22.340666870637374,26.171329323496522
2023-07-09,17,31,58,14.59165554350799,16.666725112375847,16.930086811546293
2023-07-10,23,43,48,19.418258979390803,23.497262798356722,24.961097785443414
2023-07-11,15,30,49,15.690355190319554,26.12625075124516,26.084290511884824
2023-07-12,20,31,68,15.941523892192116,32.49256848548967,17.82209330873653
2023-07-13,17,32,39,15.14286515109621,20.24585623009144,33.2505735984696
2023-07-14,11,25,35,13.672941749694592,36.975530465149376,27.72145680688062
2023-07-15,14,27,44,16.673312183049074,29.77207184204646,18.11207907297053
2023-07-16,9,29,49,12.121906885396116,13.73205443488026,16.924438935889366
2023-07-17,16,31,55,19.135089992321593,43.02826188575244,25.891164945031388
2023-07-18,20,27,46,16.21002641718001,24.331519861963674,36.2266913840558
2023-07-19,13,28,56,17.063844790716082,12.850774270485308,12.842542967438689
2023-07-20,19,33,49,14.150741875058989,37.88012786664655,22.212468280031665
2023-07-21,19,23,59,14.201782583327352,42.286240568241496,24.814734369502354
2023-07-22,15,23,50,15.921564482134034,21.344122097778406,28.053273457528
2023-07-23,13,33,43,11.323663412721535,16.812175644018104,24.89476022232044
2023-07-24,14,30,43,13.500322735813498,20.307574030227965,16.56823096022034
2023-07-25,14,32,54,11.755539980305166,29.3695739593615,12.372351494975991
2023-07-26,12,29,63,11.424439418379965,35.19998745874682,17.518013982107345
2023-07-27,12,37,50,7.5301458958887455,28.33363056951392,24.623525477699758
2023-07-28,16,22,61,17.642974668896713,23.86143638797575,16.00727374267393
2023-07-29,16,31,47,11.332601975281275,38.04781589701726,29.48188121172307
2023-07-30,14,21,62,16.65152776286378,20.170807976444465,18.561905128944513
2023-07-31,15,22,40,16.138984349074914,33.84775263499346,15.687780865106571
2023-08-01,14,31,61,8.84791027382017,20.90515890815479,9.169137719712573
2023-08-02,16,32,48,9.216139091294838,28.351011949212733,22.99965288794416
2023-08-03,16,33,52,19.940573012829255,23.167844475065383,17.958661120194026
2023-08-04,19,27,61,17.291827103352432,24.01525048668696,16.778437244660978
2023-08-05,24,38,53,11.72683788190593,21.07774366884466,34.70486575145142
2023-08-06,11,31,61,12.378280383099414,38.585437696571816,15.975905405197704
2023-08-07,13,28,67,9.50087677259356,18.100293018872254,17.319639930334183
2023-08-08,15,29,51,12.480279358213927,18.327167643264488,23.107321882607888
2023-08-09,12,33,48,8.824093349458758,47.24655447186012,29.334039419533795
2023-08-10,19,28,50,4.673669707654948,36.12932397162753,22.40574605013861
2023-08-11,13,19,52,6.603890421529333,2.820948603860824,19.983340260033717
2023-08-12,18,33,59,10.432457545003297,21.347648028891207,36.08083916405992
2023-08-13,14,33,43,6.779452935355974,9.215307202199021,17.06138239888276
2023-08-14,11,34,56,9.777209642056395,18.16997486970662,17.088348565887447
2023-08-15,11,29,56,6.564415739546174,-3.359968810747773,16.050011541613753
2023-08-16,17,26,46,7.25371982918935,27.010089736444755,21.962897919267917
2023-08-17,16,28,43,11.975741767631906,17.321781460453096,14.537712344810538
2023-08-18,25,27,41,9.97728793778089,29.707765800058205,13.355400821014266
2023-08-19,19,24,49,9.027643424762656,13.231204762436416,17.30294260621282
2023-08-20,24,28,63,11.518561756483015,30.69131980469446,11.283389579712724
2023-08-21,12,29,50,10.15182336706192,26.098789677855255,21.056763159646326
2023-08-22,16,33,57,12.88136068189597,45.65908625499943,21.98087284451669
2023-08-23,13,32,46,6.9971615925489665,45.1504662818358,23.17584816652902
2023-08-24,18,23,44,6.92634723823676,39.29331393222772,25.312630868782485
2023-08-25,19,32,45,4.153929244086735,28.582180103922386,17.45865658148786
2023-08-26,17,28,44,6.615858653068582,52.11596060669555,28.213115617621437
2023-08-27,16,23,58,10.646238911218596,17.150898725049974,27.296091291397918
2023-08-28,16,24,43,11.504649135927764,19.069891976115805,13.893038155080559
2023-08-29,11,25,45,10.342033312980458,32.69688025256775,19.100693355099402
2023-08-30,16,31,47,1.9386885400557556,56.50920434078178,8.63523507261934
2023-08-31,12,37,52,10.4346030917348,32.38429656663365,28.344260945159768
2023-09-01,16,27,64,1.5373122094351244,33.01871592626154,25.168178606492482
2023-09-02,17,31,43,9.618757191727212,20.880036446010138,30.448039487891126
2023-09-03,14,31,52,5.6964633606838015,45.21076369069227,11.74977351175722
2023-09-04,10,28,48,8.786740102359174,45.73978035973039,22.60596501421277
2023-09-05,18,23,54,2.5650655952926655,44.55940667086071,16.392086292661993
2023-09-06,12,29,46,9.963165863248172,30.841035134151873,9.86779935954871
2023-09-07,11,21,48,1.9460063102720913,30.534574082782797,26.359589043235143
2023-09-08,11,34,65,4.230880876549566,25.14249306747359,12.923711804404885
2023-09-09,8,36,46,3.1413552837964955,39.38804840960957,21.675852647806174
2023-09-10,8,30,50,0.7762864759628147,28.2242510022969,16.33285337633079
2023-09-11,12,23,54,6.230362508333937,27.73641128997023,20.488384456378324
2023-09-12,20,47,51,11.276850202654572,35.759029463347645,25.426453205036935
2023-09-13,15,34,41,13.775291966777454,35.592699590484656,20.50643563870859
2023-09-14,13,28,60,5.986252411802063,35.5956204827104,14.44720945970975
2023-09-15,16,31,56,8.969276570393125,46.13367034997247,34.99646928407932
2023-09-16,15,33,49,6.24422568532338,42.75604886663756,17.53797741122703
2023-09-17,11,21,57,6.977582838943677,39.582737778344224,15.341302745054579
2023-09-18,11,26,51,4.391781097182368,44.7953875960025,18.912326263177018
2023-09-19,9,29,51,5.945072516782288,33.55303267705767,11.838915242569005
2023-09-20,18,28,66,6.918230739136936,45.026069585177716,15.776965292820694
2023-09-21,17,28,46,3.520722533671276,45.986074378715905,17.874748562747968
2023-09-22,22,29,58,4.9782948508635805,29.957982641361628,21.025021765891324
2023-09-23,14,31,53,4.99454578952243,55.455275593364036,19.73216218994372
2023-09-24,15,35,43,7.612498992089755,37.195221751704146,22.625223888086
2023-09-25,15,36,36,1.9030507461057438,47.42506000419935,19.15469745021875
2023-09-26,9,35,51,4.918793707666582,58.67951324336656,27.194260919126776
2023-09-27,10,29,55,10.786132880845543,56.806475717226,23.85599339695309
2023-09-28,18,31,56,8.52342304477693,48.40808040220883,22.066188187941762
2023-09-29,12,25,43,9.064341412890611,44.95536832150636,28.636150835977556
2023-09-30,9,31,58,5.080101310223743,58.57150994034841,28.635117221060213
2023-10-01,16,19,48,5.964242811237002,56.359640895835895,20.186133953093208
2023-10-02,14,35,42,8.006847404065926,43.94545594844598,17.266504922765105
2023-10-03,16,25,65,9.684239058894429,42.69654645306976,20.779696346260437
2023-10-04,22,20,44,-0.8435589072439127,30.438116609805228,18.635580329094342
2023-10-05,14,24,63,1.0771447615169976,53.21782811985393,17.050576424591124
2023-10-06,19,25,53,8.96845770758561,51.365876446758335,20.520308004742827
2023-10-07,8,18,47,4.230546990485902,64.06946204735664,21.85063439201187
2023-10-08,11,30,32,3.0715690288164894,56.811991334728575,23.49016089969178
2023-10-09,22,28,58,1.3541838977442007,67.07666985833053,30.112616368684847
2023-10-10,16,23,47,3.485962469057375,47.27256657734957,21.153046258091663
2023-10-11,11,19,51,0.9826505138187267,66.13828486277019,19.289447656045375
2023-10-12,14,31,44,11.506175566916049,49.9767809215963,26.148642275252264
2023-10-13,13,37,44,5.213094789984138,63.54950807704761,14.90034437859784
2023-10-14,25,44,45,5.158423252126992,41.691855453584495,11.322520608632548
2023-10-15,13,21,50,7.152723197917183,59.13482355891049,22.50689455102493
2023-10-16,14,24,44,8.336076680027102,37.43861224841896,17.516740683898824
2023-10-17,17,32,47,8.35156540484109,55.11397905267643,17.9334620267533
2023-10-18,16,26,51,8.803919073638198,62.686449131703164,14.788866390153382
2023-10-19,10,24,52,3.7639409487488384,53.56832455668945,27.82475772919924
2023-10-20,18,22,47,4.84055184070211,48.76613354368874,11.472535061668943
2023-10-21,10,26,53,8.123149154919682,68.22144723431872,23.2183833866554
2023-10-22,13,42,52,4.3199919459527,59.21249517656639,19.374083139058204
2023-10-23,17,28,49,5.977121671574436,55.835240694686995,30.7289139418301
2023-10-24,19,20,45,7.283166039586498,61.630550655256854,26.185921114867078
2023-10-25,13,33,51,8.540985931181602,88.05560490537948,13.52666786065539
2023-10-26,15,28,56,0.9550372901093782,73.6978003486153,23.862975154697686
2023-10-27,14,29,53,8.539029757627302,74.25876280576112,22.300877398424944
2023-10-28,13,27,63,5.804364781661177,67.45500014860556,18.924808551347095
2023-10-29,19,32,55,8.742652935699915,65.2270188437406,23.27320417022481
2023-10-30,18,27,43,9.069782427914015,40.059953631435846,15.765419077362285
2023-10-31,14,25,60,11.685369606193833,57.68542878820524,19.98140926933643
2023-11-01,18,24,63,11.048515621919659,60.119654535190676,19.482830840778185
2023-11-02,15,33,50,11.15825561369384,46.622221723377365,15.031296876281578
2023-11-03,25,30,57,11.58375458458579,54.23817335711679,17.529838924196156
2023-11-04,9,20,65,8.264860869930668,46.4404699104531,16.597453439397643
2023-11-05,14,27,54,7.628995865623398,66.29728474273762,21.845610100348757
2023-11-06,9,37,41,10.296302949998783,75.29492848924176,28.35147891289861
2023-11-07,10,25,42,10.023156969188657,78.59669039509436,12.578279186522588
2023-11-08,18,24,47,7.052384967165072,72.09327205296991,22.054278709548676
2023-11-09,13,27,53,9.350285375073142,58.72262862607603,16.406554448705663
2023-11-10,14,29,50,8.190272833584574,49.441665604357766,25.659803995001404
2023-11-11,19,37,51,5.896978871360767,51.593795667530806,21.97006567121486
2023-11-12,17,33,51,12.496795096950606,56.86714410381638,11.600267372966423
2023-11-13,12,29,46,8.961016412141928,61.05706495857182,20.525709027117223
2023-11-14,14,28,49,15.114869428636753,68.73095869148477,18.608937639485077
2023-11-15,17,33,53,4.268862614961814,60.56355946601948,12.994364401241038
2023-11-16,8,23,53,7.654814347243274,74.4655831617573,16.47365523306887
2023-11-17,10,25,46,9.606041604297895,69.11746655329408,20.238923094639723
2023-11-18,15,33,39,13.106351784531736,71.90368286046721,16.62470101564146
2023-11-19,5,29,54,11.081753835312366,83.55229614680523,26.599784363554633
2023-11-20,18,31,47,11.006898988908068,60.692474694133324,18.556351837704614
2023-11-21,8,24,58,6.888765206812819,77.02017354274689,16.104851336452462
2023-11-22,24,31,44,6.99769129495892,73.02496525021418,20.59227771951018
2023-11-23,13,25,45,11.636812754256692,70.15454030061491,21.427228066567256
2023-11-24,13,35,60,6.780528966818016,82.659711477224,25.73513991599289
2023-11-25,17,26,48,9.483466444720541,82.90798040055466,19.73115078117483
2023-11-26,11,31,50,12.79074788545055,64.95647484536224,3.761922504356974
2023-11-27,17,34,57,8.552500838802892,72.89608433414736,21.152233949357036
2023-11-28,12,30,54,16.529538189571102,77.81878998099772,17.515002488210076
2023-11-29,12,26,61,15.60173145963919,72.55817864041767,30.979384011273183
2023-11-30,16,32,51,7.434505894501854,81.41253895591727,21.928802550585825
2023-12-01,11,26,48,9.572822112672451,78.64075065577256,20.383134856650322
2023-12-02,96,162,178,5.736035014115464,94.41329408395843,16.62474357426393
2023-12-03,102,184,216,10.471218310618784,61.036011181728774,26.7907224645645
2023-12-04,114,167,259,15.345911366174441,75.35775874855017,11.218497820420197
2023-12-05,96,130,240,12.034875047069267,67.7325327804558,20.62943860469122
2023-12-06,114,113,283,14.890757842591398,83.08612507834692,15.83240629225743
2023-12-07,60,167,259,9.175093005970021,61.09281021972966,24.913450332713094
2023-12-08,132,162,312,16.37160592565612,80.93905575026747,21.494277457177656
2023-12-09,78,130,269,12.549721222560835,71.37870215173122,20.476328633775257
2023-12-10,84,200,302,14.490640903488627,70.53262368088511,13.97647850003286
2023-12-11,138,205,269,14.416234663175269,63.59605644398758,19.014801692136622
2023-12-12,60,194,235,11.122510943411443,73.58876006337535,21.76260471312566
2023-12-13,72,167,269,11.721702079395172,89.25463789519151,25.74073724848379
2023-12-14,132,140,216,18.329565037165946,78.31944043661713,22.634424246015293
2023-12-15,108,140,240,16.86973997929595,85.00135982939592,24.91264399456616
2023-12-16,114,167,221,19.070774761648686,95.51569054328719,12.2708368259523
2023-12-17,108,157,264,17.143675279764757,81.64299025638408,20.32835215888081
2023-12-18,66,113,254,16.848880414338396,73.5450058358651,26.06339283986024
2023-12-19,36,130,264,11.49314544893721,83.92445811954374,9.098795763538146
2023-12-20,60,135,283,16.112332411687184,73.91924093586452,18.086804584100374
2023-12-21,114,151,216,17.094446391140107,74.41954134306833,21.828970658090203
2023-12-22,90,178,240,23.289924432095553,64.35767520649196,27.172864760434635
2023-12-23,108,216,226,19.7462375863318,88.90325488075484,20.05288062487719
2023-12-24,96,157,187,22.549001963429593,75.85594780747229,19.3445501601705
2023-12-25,72,178,206,19.98949244419389,81.60344413189083,21.227639119169673
2023-12-26,102,184,211,16.319564857440028,69.48050531127925,21.894227479801398
2023-12-27,60,200,269,19.06190066738784,84.24842154519295,14.739392713804962
2023-12-28,54,140,250,19.6766345367579,72.30949677784673,16.61606653608952
2023-12-29,114,124,240,16.40823828233914,78.54291727163603,10.62175266530343
2023-12-30,96,162,245,18.330513695880033,88.76048233458239,15.833164198881631
2023-12-31,96,135,240,19.12449867663094,87.90314829859878,13.664926937862097
2024-01-01,78,184,274,24.816859497695372,79.77969927483059,14.697004773033392
2024-01-02,16,28,41,14.015978766164572,62.314244849206304,36.1673593258251
2024-01-03,18,40,63,24.133779436489295,109.91032772279755,26.660659825801215
2024-01-04,18,35,47,17.96390930347063,97.41859419138564,13.763767638121662
2024-01-05,24,28,50,16.91579884022597,87.15565740808056,12.684963981621793
2024-01-06,13,33,63,24.829298371177096,72.35690743212852,16.12646565116919
2024-01-07,13,31,44,23.742219669414638,78.70420298032599,12.549328285706396
2024-01-08,14,30,47,25.566676780633877,74.34825737596704,21.05088607767934
2024-01-09,20,29,49,24.46128742433571,92.35453295493056,20.936170998308246
2024-01-10,14,34,45,28.494167315176423,82.26570887842928,14.627219391765617
2024-01-11,17,28,41,24.245568673555614,71.7149646190835,23.91801426429139
2024-01-12,16,25,51,22.3539685192792,74.7562171847922,23.926024509230754
2024-01-13,19,39,65,24.10534662999332,90.5740838247065,15.610649813880748
2024-01-14,16,36,41,27.05923008010037,95.25291443592062,14.475168147666345
2024-01-15,17,43,59,21.241965514308887,94.41631719135098,17.037951832745446
2024-01-16,16,27,65,21.87463367914867,86.57575505869809,22.999067502810803
2024-01-17,16,30,47,23.152492319217856,76.34302363559809,35.125547715947576
2024-01-18,17,26,52,18.01348809691313,46.30941739735998,22.825388333858633
2024-01-19,12,27,53,24.988053595096982,81.54292750999413,13.398341769475241
2024-01-20,15,23,40,19.160658813532393,78.39134500384127,21.40276402474095
2024-01-21,7,42,45,25.22202143270955,79.63934048859896,20.06689694166162
2024-01-22,19,27,54,27.90101110105131,78.60001194972652,19.70007319204826
2024-01-23,14,32,42,24.115238761428593,64.61162072260366,12.659326775701665
2024-01-24,13,22,45,30.816298704214713,83.25327203372649,21.384295323530175
2024-01-25,9,27,46,21.64081713983412,83.79809178833713,19.20353261113839
2024-01-26,16,34,34,29.831686084080232,84.0879169407817,13.222517239886551
2024-01-27,17,42,55,28.51704505747723,86.51082055969039,32.05868883273443
2024-01-28,17,37,45,21.57534038117408,82.85807434479395,12.794017858170696
2024-01-29,9,33,54,35.085636960664345,72.48182453063505,22.252981004664875
2024-01-30,19,33,57,26.989771745224928,75.63043406186574,18.47411669251936
2024-01-31,16,37,43,24.774181185932754,76.9989303529321,17.321158509884306
2024-02-01,11,30,50,23.408802573429504,76.90582496773604,28.209924417470933
2024-02-02,13,28,53,27.19118002750421,85.54450219275661,25.605613031420614
2024-02-03,12,36,48,27.68785695590461,81.7249336508684,18.497372774286376
2024-02-04,12,24,46,28.594466283133276,95.78010755085666,14.886224196065214
2024-02-05,11,30,56,27.607137875694868,96.78237997157336,16.70498627760024
2024-02-06,14,29,51,30.61168003215227,75.21787863138582,17.700950918173774
2024-02-07,10,36,41,27.758010806421723,35.75128337039093,25.747091544056325
2024-02-08,18,22,43,23.322260700005465,86.17547292983711,21.726060314707272
2024-02-09,14,33,51,28.882616739664066,68.08563972044138,26.017751433356985
2024-02-10,18,28,65,22.42905155323284,65.14985831666483,12.517150728357125
2024-02-11,16,34,55,30.790755308198897,68.84867500992956,26.71613572283316
2024-02-12,18,28,39,26.98661858278627,68.028361567991,29.52646955650524
2024-02-13,24,33,42,30.60673534724156,78.27248872114717,15.204269577741464
2024-02-14,7,26,47,34.24801645292882,56.20386795179469,24.7164918045715
2024-02-15,12,41,41,27.645628819970707,60.6629941233728,28.725484093345962
2024-02-16,21,35,45,33.85861810976297,74.50740976704888,16.172832860341074
2024-02-17,12,23,58,29.554491874380215,76.93464195142226,13.611680201126841
2024-02-18,14,28,56,36.290839750656545,76.74386012076079,20.779064006651087
2024-02-19,8,27,46,30.10912347585369,62.07529914959561,10.49339931666254
2024-02-20,4,29,49,28.853108170658356,59.774313383698995,26.60164453424556
2024-02-21,21,30,44,33.60293775444494,64.0961343236666,14.595267760081347
2024-02-22,15,26,50,30.397068577190726,71.16104471240465,17.91103899370153
2024-02-23,13,33,37,29.339836308964628,83.21136573078724,23.93667465766332
2024-02-24,25,29,43,30.586896770508762,47.47105557447002,22.94323986402581
2024-02-25,22,35,43,32.039266288561414,65.32165763926737,23.71252617188692
2024-02-26,14,36,64,36.34868869327077,53.78048437050159,15.180472024117641
2024-02-27,12,29,47,26.665296159108383,50.15809632617647,21.33946039737465
2024-02-28,11,26,34,32.67851806136842,75.91840107312765,25.176423788524094
2024-02-29,16,30,53,34.621967156875044,71.25857700426455,16.015113863659717
2024-03-01,9,29,65,33.461805099112425,69.86547752332535,32.83866198750389
2024-03-02,11,27,54,36.94144082924455,74.13565706452538,18.15798306631916
2024-03-03,20,25,50,32.91533958788807,59.678043285175185,10.234135775649015
2024-03-04,15,25,49,32.70735832259262,59.69440135140479,18.127631746191092
2024-03-05,8,39,46,35.156708837933245,85.4194722851949,28.60112019953711
2024-03-06,15,34,50,33.79240448963769,60.633826416086215,14.311149255162357
2024-03-07,14,22,42,32.433980977198125,69.98434725442361,13.953231507088752
2024-03-08,11,29,43,35.26035194153914,62.22658726043309,21.873964476151126
2024-03-09,14,30,54,31.856984436099573,43.206328185139526,13.587152941459697
2024-03-10,17,28,51,32.079593797629954,40.76530140570144,13.410635885626863
2024-03-11,7,34,50,32.423576367047026,54.94110496559474,14.8548385871269
2024-03-12,19,25,50,38.157048349627644,70.80813559173559,30.994259343880508
2024-03-13,11,24,43,24.52089674344999,67.64317910771949,22.619900490355697
2024-03-14,10,28,54,35.45264424871614,68.41128147348873,19.730151655568275
2024-03-15,18,27,39,34.446337841479256,48.907548279637275,15.1485128854779
2024-03-16,12,33,40,29.374335380370145,74.44163409414725,25.080169553241447
2024-03-17,15,34,50,35.41527940223082,48.13642091023021,23.336077851029376
2024-03-18,15,37,52,35.97821480326721,59.41373564957773,31.724976702179017
2024-03-19,9,33,49,36.38042452165851,56.679947666171266,14.254862456476319
2024-03-20,19,25,54,26.71224093345001,54.540701175745596,13.695143662477202
2024-03-21,11,27,45,38.818765289637454,69.15946884208104,10.324556486974389
2024-03-22,12,25,53,32.55389713722687,48.214839510983225,22.79161693857019
2024-03-23,16,20,57,36.86994487616933,41.26072899597476,20.889909667079756
2024-03-24,19,31,45,37.07220876835715,54.44616371857551,17.114256816499797
2024-03-25,21,29,54,32.2532418844111,49.736110573738394,10.259111162411749
2024-03-26,10,30,36,36.89464846046393,86.99526959075135,29.688362708135458
2024-03-27,19,19,51,33.782305219470615,59.47262306533099,20.548425035164183
2024-03-28,10,27,47,28.745743058607864,48.09944814475611,27.750602782775065
2024-03-29,17,24,42,38.4797570939168,41.11639401114722,28.604968620306295
2024-03-30,14,22,48,32.66361527954653,32.358784321077394,22.582887682557306
2024-03-31,19,22,45,32.4330471414842,40.39329206571236,23.62350276181638
2024-04-01,26,39,50,33.79066349193268,51.278523866478686,15.851497310984831
2024-04-02,17,36,46,35.815460055803236,63.88597763369743,20.028100822464456
2024-04-03,20,26,38,34.82138297784406,60.313282278471966,26.248332625883602
2024-04-04,10,24,43,36.62739650789702,50.87130666679087,14.868660740664415
2024-04-05,16,38,48,30.950289313394908,44.83306985949566,25.651480578979587
2024-04-06,11,26,49,32.72272441502035,50.23783170420888,25.12558568155301
2024-04-07,19,28,39,34.57858844954586,41.84901586316813,24.915704861114797
2024-04-08,17,31,53,40.59251461698734,63.70560196977378,19.592803186668885
2024-04-09,15,33,45,34.52527334466055,44.11765699122333,15.220412596681843
2024-04-10,14,27,43,38.08583064447,44.63495946719318,32.77670366365358
2024-04-11,15,35,43,34.904887755810414,22.83022698472978,29.091373012338458
2024-04-12,13,32,45,33.29292236738703,42.525700985041965,19.739027414067497
2024-04-13,9,31,53,33.954032102339035,52.338124725730374,20.90043842310321
2024-04-14,10,28,41,34.13489912339889,32.79107731771863,17.789532758999357
2024-04-15,14,16,47,36.392710166318146,35.45805496795963,10.552712407377017
2024-04-16,17,27,51,38.64290054809062,50.39140826079203,18.82098182926435
2024-04-17,13,24,53,35.531100771521196,27.198998609954273,22.642248949717025
2024-04-18,17,42,51,37.942000291034724,52.04723445698912,16.158956569997493
2024-04-19,17,35,45,31.41084573656764,35.65396686919906,17.501918926831337
2024-04-20,17,35,52,32.981532173740476,36.598579137414816,17.452014892117422
2024-04-21,11,32,44,31.968509548233314,28.75715258119839,20.111687011619573
2024-04-22,12,39,50,34.99655396705604,43.291038946742034,18.01671286518741
2024-04-23,12,32,62,32.883983810031445,63.62704414537569,14.62663496220227
2024-04-24,17,20,47,36.05367964399898,46.36429578660654,20.090431515544598
2024-04-25,13,27,58,30.970749255993585,29.430862952117963,22.27426901006176
2024-04-26,19,28,52,33.788162371377105,48.957847621427746,20.666746080951654
2024-04-27,17,32,57,35.61091076790703,33.96644640328303,10.275771766322766
2024-04-28,9,28,59,27.241681035901802,50.413504471137145,23.57010964261477
2024-04-29,14,24,48,39.685753761433006,44.27478183808056,13.246684719845119
2024-04-30,15,27,53,32.350727404963415,6.320052183271137,22.156451599336368
2024-05-01,29,32,59,27.000475039611306,25.25834367757794,22.460842680947696
2024-05-02,14,28,47,33.42141361647903,44.29502058670829,11.692051718598455
2024-05-03,12,25,49,32.91516295016686,35.924258356784726,25.379453124211437
2024-05-04,18,35,48,32.43305272157846,23.731263774492163,32.66331411494108
2024-05-05,19,27,48,35.512455530059555,27.198816096520254,17.665415369304256
2024-05-06,20,27,52,34.637647895139814,14.043112070858697,22.157868570006944
2024-05-07,17,32,40,33.14169934476028,31.797518628184207,16.719246606178746
2024-05-08,9,28,46,33.44766609665411,54.369053914250294,13.188779973051915
2024-05-09,13,23,59,31.629667608424977,39.89765181785779,26.14965425288721
2024-05-10,12,22,43,37.11122037390087,53.34402791400915,22.331666951436894
2024-05-11,18,40,51,27.185672565432327,39.86086856227938,15.52983483471559
2024-05-12,17,45,40,31.87728421450583,40.91435003664037,13.373401305351797
2024-05-13,21,34,51,31.48507630654647,49.98873933650883,33.25767995966975
2024-05-14,8,38,48,33.55817138092272,33.634833866396306,12.288762554842025
2024-05-15,19,30,52,28.411801679022616,27.610144136192883,23.303019961969987
2024-05-16,20,27,52,25.534135897949824,39.43528839831397,20.446420205552737
2024-05-17,16,34,45,31.054223199902257,43.27960202328508,24.527896513196342
2024-05-18,17,42,56,31.242909879960493,23.580339086262114,30.292658234000992
2024-05-19,20,32,47,34.68039937049819,20.809487028192315,7.722326662227072
2024-05-20,15,18,51,26.20987182422775,29.065442128168037,13.853479965078911
2024-05-21,13,29,47,33.291426658286454,35.650189247136204,18.635163304338345
2024-05-22,18,29,52,36.73306379062984,34.981145907610916,31.079308235447478
2024-05-23,21,44,53,28.298147556370076,12.430409588915218,16.9504925127618
2024-05-24,16,30,38,25.35644234097026,45.46690899571748,15.929058016996128
2024-05-25,16,39,44,27.803437849253747,19.62496951944058,8.98465582969638
2024-05-26,12,34,58,28.858793686501226,23.078840199865763,15.440250937769132
2024-05-27,9,27,56,30.29794764358561,16.403009800079396,23.049149257957083
2024-05-28,15,37,48,26.619654746638528,52.12018574413577,18.67288062333357
2024-05-29,24,32,43,32.84420218055182,27.272315546346512,15.317885748346862
2024-05-30,18,35,42,24.617353777404805,16.064021506399435,33.39657308727081
2024-05-31,17,28,56,22.523320408719385,32.94270562259432,17.636925517313923
2024-06-01,12,28,58,30.83875847454859,31.73214016220418,20.11098433813062
2024-06-02,15,29,65,20.470227513011785,21.908516655868777,15.01820635984682
2024-06-03,10,28,53,26.455003308489804,31.944626379158215,13.157656998438124
2024-06-04,27,24,53,36.19164379025102,15.046253098651057,24.015289321113663
2024-06-05,15,31,43,26.571651106377637,18.138515444480472,10.96062955220278
2024-06-06,16,26,51,23.012702147454554,2.742037757597462,22.424971246814774
2024-06-07,11,30,55,25.96814699087394,9.389246418682529,6.864857301320283
2024-06-08,11,43,40,25.751451783988408,40.49772896514857,21.421143283766273
2024-06-09,9,30,50,26.147569299118835,38.63654296140764,13.578645177499192
2024-06-10,19,30,62,27.41249490742537,22.689210091254225,14.486709861449041
2024-06-11,15,26,57,22.066851184957784,38.47799271967246,17.681274319769575
2024-06-12,22,22,47,30.003771399078346,20.07362986889098,12.821560625791642
2024-06-13,9,33,41,25.43194846715527,19.07436169057798,10.027789122548631
2024-06-14,9,31,52,26.63107442830777,21.91610383899789,18.243399080858396
2024-06-15,15,34,62,22.319011928721324,19.95280335697203,24.403064726238036
2024-06-16,15,34,54,27.814128801906726,18.909611493660886,20.77453727106416
2024-06-17,12,27,51,22.93417548077484,32.363686299763344,27.151399482862235
2024-06-18,14,22,48,24.287242593939787,22.307806422564177,10.437377076760663
2024-06-19,21,36,50,20.403495500035625,27.8166628610226,16.989933138636662
2024-06-20,16,28,43,19.959298467697288,30.89973044192436,19.54680763243568
2024-06-21,19,37,43,24.761114705242083,24.370579143339036,14.491112054409587
2024-06-22,17,37,54,21.111284703455606,10.697548754167913,19.816599268501733
2024-06-23,12,24,52,19.62551869128501,6.791914991248619,26.66893175485142
2024-06-24,16,24,46,20.00167263570765,21.737486751094366,22.629685194983857
2024-06-25,9,30,43,23.771744321977692,18.475039538665314,27.89228844417387
2024-06-26,14,24,46,19.530937663647173,21.00827311676696,21.147895116969867
2024-06-27,10,31,46,20.80783239369548,19.929424509763688,18.70563925284567
2024-06-28,18,33,61,20.94828241134817,45.89017056750991,30.403430978715384
2024-06-29,8,40,44,14.893286837037076,6.725513990519724,20.06787672022326
2024-06-30,23,26,46,15.973897387286463,0.11053784647341303,32.55958906851514
2024-07-01,17,34,59,21.137938621073047,23.32487956170813,25.561682982293625
2024-07-02,16,27,42,17.65980696321157,16.23688568063008,15.506732243151713
2024-07-03,16,31,50,22.782898130434255,23.17067924198418,18.112758010833254
2024-07-04,18,24,60,22.255087817683705,25.866606769773107,30.315914438512664
2024-07-05,21,34,61,21.254306838579456,32.89548091763321,27.154552509807168
2024-07-06,15,24,50,24.29851817343584,5.017706698410164,24.28612236895694
2024-07-07,12,32,53,18.33268076951246,14.567179848994112,23.44253550298725
2024-07-08,16,30,46,20.271760670886106,24.475215175722298,12.429772020555777
2024-07-09,10,27,35,16.315574408423185,27.95431635989356,13.349713100962104
2024-07-10,13,25,49,25.170121784808046,42.25506938377288,20.822568035158806
2024-07-11,17,24,49,23.50879576323031,29.957301724388948,35.70936602421912
2024-07-12,17,29,42,17.33914251766996,19.92083522792894,14.58588035439644
2024-07-13,13,29,50,18.209665342811928,11.681567659724426,17.72700765372177
2024-07-14,14,31,46,20.87507906649748,15.048946689494356,17.326429311498067
2024-07-15,21,40,37,16.103996432098505,14.879421653431073,23.0681869080167
2024-07-16,13,30,56,14.32479508038687,27.48204151340541,21.07791195043344
2024-07-17,13,34,55,18.66698686210054,23.631549185121013,26.47479869442539
2024-07-18,17,30,49,16.031857610262776,7.965523601785854,21.20473133546473
2024-07-19,13,39,56,16.098291059833443,16.991982663438016,20.69552572323848
2024-07-20,14,31,47,12.80058035675868,30.28394025077129,19.329549883317064
2024-07-21,21,30,53,9.90585632154184,25.190998284714603,27.769697088286417
2024-07-22,10,32,59,15.524242539576292,27.535124407901804,19.395714360186233
2024-07-23,17,30,56,17.289180163536134,25.86054070533721,15.359275033770746
2024-07-24,13,20,60,13.656960274712405,38.486564030273115,23.80198304212059
2024-07-25,14,36,50,18.405434408829613,24.78185154668536,18.64445074643182
2024-07-26,17,24,37,11.747911641519064,18.768529282171208,25.46096896422799
2024-07-27,13,35,64,10.460881535558958,13.686653891922422,6.8089709423865195
2024-07-28,17,31,52,13.190527313154167,25.5637927760701,28.72684972137386
2024-07-29,15,15,39,12.913621871319236,-1.1078674407911073,18.124679895452353
2024-07-30,14,36,55,15.242513578897709,21.695669232997247,28.391949497815745
2024-07-31,10,17,46,10.381020921177699,21.727388292454155,25.672399954424446
2024-08-01,18,36,45,16.585655508758073,10.396073832930965,16.205694888858222
2024-08-02,13,29,64,18.15981502228699,15.020811736409936,14.673291486683045
2024-08-03,16,29,48,11.921617196666,32.67034761469741,14.290949421422917
2024-08-04,25,31,47,15.57052468244318,27.158726334216382,13.248744553921584
2024-08-05,14,27,53,8.436669851971565,26.1547807218382,27.492578349627745
2024-08-06,15,28,34,14.619080604980876,28.493028739277797,18.206358672996537
2024-08-07,16,32,51,14.3250504412913,26.65576604824083,31.82396860705382
2024-08-08,49,82,143,13.565950892195811,38.46524444199214,15.586824637098703
2024-08-09,42,91,123,10.724041733939224,27.585140142120725,16.507627007789168
2024-08-10,24,107,123,1.705810957336416,12.089954452603612,22.720378809196312
2024-08-11,56,85,143,8.44399787049515,43.30153506973931,31.273847138955762
2024-08-12,56,60,171,8.294906588809912,31.038603251108086,16.27767820249115
2024-08-13,49,123,109,7.044277222615569,21.784344495908456,24.739969406871133
2024-08-14,52,98,176,10.155127871485965,15.491160668642467,19.37148531018452
2024-08-15,56,85,140,8.343891260131649,32.339127722964555,22.8061836613666
2024-08-16,56,98,106,6.942409819097286,27.569479602322453,14.937858591026874
2024-08-17,49,69,174,6.058445850117138,44.85018109241783,23.919691620326695
2024-08-18,52,142,148,6.910097732247031,26.023344544593378,17.748113400415477
2024-08-19,74,101,146,12.246167472820849,21.488393376149425,16.748565181219902
2024-08-20,52,98,154,6.726922423137399,39.20591464141776,19.129631118598073
2024-08-21,35,98,137,6.996854688842053,39.892375530281825,23.24672925161407
2024-08-22,35,88,118,7.006646534424632,32.72341134048158,18.376958992187937
2024-08-23,80,101,129,9.23223271524753,38.20342837887397,16.800104176503176
2024-08-24,52,101,118,9.426005508846387,31.471446703112044,18.56812783626447
2024-08-25,56,85,115,-1.2311688125436273,34.60080766418509,18.426215053191918
2024-08-26,42,123,123,10.816834869794086,44.331160329087446,22.648441824684816
2024-08-27,63,104,126,11.913791121872624,39.358661611967406,17.139719806429476
2024-08-28,52,76,168,4.310558196635448,31.841966868132186,17.005865531751557
2024-08-29,16,30,52,4.4043694054995335,47.492448710832235,14.978918478342642
2024-08-30,19,32,48,5.834407290417773,10.759131907419395,23.105338517081254
2024-08-31,11,27,53,4.784856020881509,55.371901472573796,20.19999320967135
2024-09-01,20,25,45,7.59618584119999,18.239549058220828,27.714443965168122
2024-09-02,14,25,39,0.9602410813203761,29.48053959026557,26.565014446463998
2024-09-03,17,29,50,3.3253573364473894,35.79884246448611,20.820542418362493
2024-09-04,17,29,44,11.1800022395011,35.203847949579995,18.757070994479015
2024-09-05,12,38,46,3.6650030630856936,47.19735226289094,19.39076588444158
2024-09-06,19,31,47,10.071215382895524,27.023275580410512,15.909780496631035
2024-09-07,17,28,61,7.3022601958795015,40.681383746354015,15.028455812861493
2024-09-08,12,33,49,0.7078360233388272,32.767202409802636,14.362743321749214
2024-09-09,18,41,60,7.945128620078931,41.97973408845613,18.269816786964565
2024-09-10,18,27,65,5.593777898989974,38.8628537444843,8.073082024939227
2024-09-11,17,25,47,4.492181680394476,40.92529315928417,30.870400173205823
2024-09-12,20,34,51,6.5094475793334485,34.985013017683244,33.78562696730953
2024-09-13,9,28,48,7.11868550724369,35.87476626996912,13.870420159716653
2024-09-14,8,32,55,7.74200821111441,44.34194952184422,33.60672394223581
2024-09-15,14,35,64,9.082700314181775,51.40272590269516,13.931056521902502
2024-09-16,13,37,44,6.70534099297411,36.48150474147697,19.424848952540938
2024-09-17,15,42,31,1.291324784204999,34.277582867158515,21.83540257127008
2024-09-18,8,27,40,3.93890536756091,49.60290474482241,19.955589236100394
2024-09-19,6,28,45,14.134939631123522,43.648244415503925,16.26337447039357
2024-09-20,14,29,44,7.429574901445448,52.785030790129085,16.01859119596634
2024-09-21,12,25,39,12.318639652977035,35.930479101225,24.826891855726863
2024-09-22,14,27,44,9.35613839311245,27.703948795426047,27.976698198851285
2024-09-23,13,24,61,5.858695254765426,40.6795179857108,10.702546227555564
2024-09-24,11,28,47,6.005368470332134,38.85843591948494,20.943074950434248
2024-09-25,13,31,48,4.9636802138590035,46.24751183721085,23.3029807062467
2024-09-26,10,23,49,-0.16329737385204712,41.181255997383296,20.48909283922512
2024-09-27,15,33,65,5.085384344423793,55.474916029884966,12.258645260301625
2024-09-28,16,33,51,8.648827923851087,45.69885572610193,22.72385795954622
2024-09-29,8,30,43,3.207885805226029,50.601135842331686,26.743980237798805
2024-09-30,12,33,42,6.237109117364361,51.189036702159186,14.904548326277709
2024-10-01,16,30,52,7.554912041636741,52.0786570730093,16.206963687132713
2024-10-02,10,34,47,2.274431152364212,50.40419181853692,20.60406034356613
2024-10-03,12,29,51,3.6573412383737534,56.26767533086844,18.919634355287542
2024-10-04,12,28,37,1.969734211235055,43.72095836475997,16.234097452032966
2024-10-05,16,33,57,2.5736285833094446,66.1870331634812,13.136639369222596
2024-10-06,18,37,58,1.1983992068331286,50.3421744672458,16.663779157854208
2024-10-07,6,20,40,2.3853860124566393,40.105949020938084,9.366351583916614
2024-10-08,17,29,46,9.37503390112453,55.61511148652129,23.432413739112167
2024-10-09,19,25,57,2.4045814864188277,45.73440403203642,15.440922211235918
2024-10-10,12,31,50,5.569136021272277,61.41012689818286,24.60905950603078
2024-10-11,13,26,48,3.7242864877057498,77.36200047306657,18.024684536574625
2024-10-12,13,37,41,8.817000757036677,47.907826543546435,20.224161416686186
2024-10-13,20,24,35,9.265761767225994,59.60316271113122,11.316483915636892
2024-10-14,14,27,43,7.980703118830526,39.22841467820237,23.9801977608031
2024-10-15,9,29,47,6.367444831535652,61.824543957291425,40.14977678251133
2024-10-16,15,24,58,4.820722324654484,48.928215914097066,17.172981211091493
2024-10-17,17,41,64,2.00742912934174,52.0345630085793,20.105059331990457
2024-10-18,18,29,51,11.487064244488007,47.76514517060211,20.89908302327274
2024-10-19,12,21,53,3.4551332023150336,66.59202209179581,12.59065451800352
2024-10-20,18,26,53,7.806993229691379,69.83330611609195,13.680435369702742
2024-10-21,6,16,35,9.08085584874175,60.48097522162074,22.87689797766403
2024-10-22,24,35,51,4.326600076940122,52.086680111636454,14.90733118053225
2024-10-23,14,29,43,9.20091232825994,77.10682180475266,17.975602643578142
2024-10-24,11,29,46,8.478070294267049,54.18481220837713,20.23884828148734
2024-10-25,13,35,41,11.471971683365286,40.542448851525464,23.136274818767752
2024-10-26,18,29,57,4.986753408680324,67.2169162234534,18.284530845665557
2024-10-27,11,30,50,2.6479449033771942,52.05179022226666,18.43579871380068
2024-10-28,15,27,54,5.103810536773224,73.44825405296086,37.92840052721165
2024-10-29,11,30,45,7.365547978452522,60.20939954800576,25.861929326964127
2024-10-30,16,23,52,7.036262604091503,70.51236465827849,17.323312372666855
2024-10-31,10,26,45,5.807840990232395,78.94040213273703,18.503942049930536
2024-11-01,18,21,41,1.3909482489312213,53.28255371764542,32.92750683894885
2024-11-02,17,29,48,8.664192615474391,60.152959950347125,23.162355329473698
2024-11-03,18,26,60,13.307757352729443,65.49212389310891,26.93127564741518
2024-11-04,21,21,51,8.925194318881903,82.05603629005476,17.184158846466676
2024-11-05,13,27,54,9.505258257624305,60.52344160134905,16.55411382029626
2024-11-06,9,39,40,9.544250033354862,61.58390824936094,30.22894231662308
2024-11-07,12,21,53,9.17072368702705,72.72683318773561,18.942363385500176
2024-11-08,13,44,42,10.93081304925262,62.58430478095597,18.84875670654351
2024-11-09,10,29,64,9.481683277495353,70.28757601853356,16.828530598443287
2024-11-10,15,26,56,7.520746087781086,53.647108451864455,26.58704377929162
2024-11-11,15,30,57,6.237446142795312,91.70026930192734,27.44145515207335
2024-11-12,25,37,52,8.048497718709651,56.46856963583462,20.562747421698596
2024-11-13,17,32,45,9.911133144892217,67.11091663149855,13.410626309807483
2024-11-14,18,31,50,8.197090542192388,70.38039128886824,16.23436109605494
2024-11-15,10,32,47,10.268166715167661,90.20270556864261,28.374079861391667
2024-11-16,18,35,47,10.82557549532653,58.19174377196143,20.716972884686594
2024-11-17,10,28,61,12.193746785455518,91.6352670978444,26.673510895017262
2024-11-18,18,29,47,13.731730624022768,79.7215588311134,21.91211027568962
2024-11-19,13,30,53,10.309502981802403,76.66574528036956,13.984980450126338
2024-11-20,20,31,63,6.347226889032296,62.98679088964364,22.65987579263115
2024-11-21,18,36,66,9.43320319618976,78.87610995535569,19.084406199637534
2024-11-22,14,25,52,10.801486475606772,66.25453688611383,16.37680393012672
2024-11-23,8,26,60,5.365540679741818,86.47376080054855,16.823352162579976
2024-11-24,12,32,54,15.24509325589597,64.40721856390724,26.45394675822524
2024-11-25,18,29,41,11.715129635724395,73.28979786068567,20.936515408482027
2024-11-26,25,31,60,12.643532159374093,69.16495929259494,20.470573210648265
2024-11-27,13,23,41,15.810049690064501,65.13144353088711,31.228008738994617
2024-11-28,11,37,52,10.039493936498454,82.70144428972263,15.516466302239822
2024-11-29,16,34,45,13.87089168216882,80.91691310713556,18.797282754985797
2024-11-30,16,21,48,12.040343472912602,87.91893246567979,15.929292389998372
2024-12-01,19,28,50,12.041106146552552,58.28893059831659,22.520707261240858
2024-12-02,14,43,62,10.502415234849996,86.98050956443706,20.586416067206507
2024-12-03,12,27,55,18.04355557751682,101.6366076995931,17.29329207927791
2024-12-04,22,45,43,12.150059753667122,72.30114700380821,17.963426105362064
2024-12-05,15,27,54,15.606758852430625,95.99653664504623,25.6043383417108
2024-12-06,17,33,49,8.117073798399463,74.63291639958686,27.688939997375563
2024-12-07,10,34,56,17.517645750979735,63.75183127240554,16.21069700707259
2024-12-08,16,18,53,17.37168237421703,74.62286204114662,40.756400997925745
2024-12-09,15,28,45,14.746434187531767,88.35628201884798,12.478251660858197
2024-12-10,15,30,40,14.01403076894065,69.67927365607915,13.80928023238171
2024-12-11,8,24,43,16.13715652292899,72.23613293532051,17.714859715184023
2024-12-12,19,29,61,22.047327057255384,84.34502691521418,15.25239920157189
2024-12-13,15,33,55,10.136471533445185,78.60192843929761,14.67290278473643
2024-12-14,6,32,51,18.018845669513265,84.57078517551858,27.468751018338054
2024-12-15,14,33,56,13.18577573052672,81.24756773120782,22.77816902054617
2024-12-16,20,31,54,16.109945384358006,83.80168760367405,19.91578634207058
2024-12-17,25,25,58,15.676268152674755,74.80998969839311,16.404438555461386
2024-12-18,16,29,53,15.386222531544238,81.56924538801975,13.991400847338085
2024-12-19,14,20,54,16.892037114812503,70.08847234204812,13.788074843046587
2024-12-20,8,27,49,13.774085916517935,92.34810440107388,27.425089119640624
2024-12-21,18,31,49,20.518144145661754,73.21385603450868,27.062000893089053
2024-12-22,15,26,50,12.302937156439988,90.92915484540482,17.844526611096914
2024-12-23,12,25,57,19.560111956786052,77.37990395413803,12.151225243553005
2024-12-24,17,33,44,17.217271768905988,81.80245178130541,23.395272936031766
2024-12-25,16,28,58,14.9406998568661,74.89047908843861,17.865006164881652
2024-12-26,15,35,50,19.317678130734365,69.72899093635793,25.955059199706614
2024-12-27,22,20,47,14.297110337845737,62.48130528314454,13.717782637875523
2024-12-28,17,26,44,19.34484645681011,69.40676290272968,19.86654490816528
2024-12-29,13,36,57,15.215045102224154,76.74313349003192,13.326872011097732
2024-12-30,18,33,45,21.12561591061597,82.11434696456233,15.383035118832645
